1000
1383
886
777
915
1793
335
1386
492
649
1421
362
27
690
59
1763
1926
540
1426
1172
1736
1211
1368
567
429
1782
1530
862
1123
67
1135
1929
1802
22
1058
1069
167
1393
456
1011
42
229
1373
421
919
1784
537
1198
324
315
370
413
1526
91
980
1956
1873
862
1170
996
1281
305
925
1084
327
336
505
846
1729
1313
1857
124
1895
1582
545
814
1367
1434
364
43
1750
1087
808
1276
1178
1788
1584
1403
651
754
399
1932
1060
1676
1368
1739
12
226
586
94
1539
795
570
1434
378
1467
601
97
902
1317
492
652
756
1301
280
286
1441
1865
1689
444
619
440
729
31
117
97
1771
481
675
709
927
567
1856
1497
353
586
965
1306
683
219
624
1528
871
1732
829
1503
19
270
1368
1708
715
340
149
1796
723
618
245
846
1451
921
1555
379
1488
1764
228
1841
350
1193
1500
1034
1764
124
914
987
1856
1743
491
227
365
1859
1936
1432
551
437
1228
1275
1407
1474
121
858
395
29
1237
235
1793
1818
428
143
1011
1928
1529
776
404
443
1763
613
538
606
840
904
818
1128
688
1369
1917
1917
996
1324
1743
1470
183
490
1499
1772
725
1644
1590
1505
139
954
1786
1669
82
542
464
197
1507
1355
804
348
611
1622
1828
1299
1343
1746
1568
340
1422
1311
1810
1605
1801
1661
1730
878
1305
1320
736
1444
626
522
1465
708
1416
282
1258
924
1637
62
1624
600
36
1452
1899
1379
1550
1468
71
973
1131
1881
930
933
1894
660
163
1199
1981
899
996
959
1773
813
1668
1190
1095
926
466
1084
1340
90
1684
1376
1542
1936
1107
1445
1756
1179
418
887
1412
1348
172
1659
9
336
1210
342
1587
206
1301
1713
1372
1321
1255
819
599
1721
1904
1939
1811
1940
1667
1705
228
1127
1150
1984
658
1920
1224
422
1269
1396
81
1630
84
1292
1972
1672
1850
1625
1385
1222
1299
640
42
1898
713
298
190
524
590
209
581
819
1336
1732
1155
1994
4
379
769
1273
1776
850
1255
1860
142
1579
1884
1993
1205
1621
1567
504
613
1961
754
1326
259
944
202
1202
1506
784
21
842
868
1528
1189
872
1908
1958
498
36
808
1753
248
1303
1333
133
1648
890
1754
1567
1746
368
1529
500
46
1788
1797
249
990
1303
1033
1363
497
253
892
1686
1125
1152
1996
1975
1188
1157
1729
1436
460
1414
1921
460
304
28
27
50
748
1556
902
794
1697
699
1043
1039
2
428
403
500
681
1647
538
159
1151
535
134
339
1692
215
127
504
1629
49
964
285
429
1343
335
1177
900
1238
1971
949
289
1367
1988
292
1795
743
1144
829
390
1682
1340
1541
569
1826
232
261
42
360
1117
23
761
81
309
1190
1425
996
367
677
234
690
1626
524
57
1614
1168
205
358
312
1386
1100
346
726
994
916
552
1578
1529
946
290
647
970
1051
1080
1631
593
857
627
1312
1886
1214
355
1512
90
412
1479
1610
969
189
274
355
1641
620
1433
987
1888
338
566
1770
1284
856
417
606
260
1849
237
1205
1059
1217
518
945
783
873
458
873
1637
289
483
607
478
757
1314
471
1729
1100
1459
1618
1438
25
1388
1074
1233
157
1681
1493
358
270
699
1417
1839
1569
363
622
794
1173
1847
431
1462
682
1390
292
1791
1057
1115
1521
157
574
1491
1947
951
1231
1021
537
1740
1054
30
98
1325
1081
1516
1516
1002
231
139
1796
1404
338
580
1218
1021
1970
1862
812
1379
977
685
1536
1904
176
1483
1207
1759
857
1744
1499
1911
127
1950
1236
1560
1818
1105
563
49
1244
711
1805
1934
1291
1375
955
1614
1589
1768
993
918
805
882
822
982
717
30
1093
1574
126
593
1486
253
543
1074
1814
713
179
377
762
1775
1088
919
1710
732
294
1017
346
235
1137
1691
1153
1943
573
328
925
1291
710
18
1217
836
963
1055
1090
1858
130
904
571
661
1633
1685
789
1073
604
851
1805
1250
1868
503
1485
1006
195
639
949
1120
967
226
763
1677
596
1981
865
1560
1036
1955
1770
1518
1211
342
532
1196
379
1321
270
984
172
427
234
40
1283
72
1398
1830
1063
347
950
30
573
1714
59
1522
47
924
1082
1435
1232
1204
954
443
1898
1486
1640
278
1159
262
1262
1683
1041
1848
1723
324
272
1122
154
1335
1821
1457
1365
747
1171
1776
269
1218
701
1703
653
1933
907
1959
728
806
1797
720
1084
1308
1334
698
991
376
898
715
1052
1171
189
1559
506
10
1016
224
1109
539
0
1378
109
1053
1081
1114
1338
1989
1426
67
1147
1223
787
231
532
122
1281
1875
850
179
590
254
1350
1131
1813
1857
1494
1181
81
603
1720
433
1982
181
1487
1415
1296
825
1404
722
892
551
297
32
1134
1181
506
415
1057
1708
595
1999
1962
297
1483
1776
154
977
1309
587
1932
1382
1021
266
1563
860
1682
1211
1685
1086
285
930
1990
583
1314
1476
116
1820
1892
1525
1528
839
1525
1490
1136
1360
1618
1643
337
928
582
621
310
1955
888
225
815
570
1437
853
8
1722
1783
350
657
1097
1827
1126
1269
71
651
1149
910
528
639
398
1888
610
393
577
1890
976
1199
552
931
87
777
99
657
566
952
1017
641
735
1368
1298
184
1195
776
1805
1266
1428
954
528
308
1593
1278
197
555
1672
774
445
1000
325
997
283
412
127
382
1421
